Tratamentos,COL,REP, S,  N,H
PAN,1,1,4,15,0.9882
PAN,1,2,4,12,1.242
PAN,2,3,9,225,0.5376
PAN,2,4,7,389,0.4612
PAN,3,5,7,318,0.4976
PAN,3,6,7,394,0.5663
PAN,4,7,10,264,1.174
PAN,4,8,12,420,0.9637
PAN,5,9,10,88,1.773
PAN,5,10,7,76,1.455
PAN,6,11,9,65,1.678
PAN,6,12,9,72,1.564
PAN,7,13,9,135,1.409
PAN,7,14,9,143,1.671
SUG,1,1,2,10,0.5004
SUG,1,2,4,11,1.264
SUG,2,3,5,18,1.164
SUG,2,4,4,11,0.8856
SUG,3,5,2,6,0.6365
SUG,3,6,2,2,0.6931
SUG,4,7,2,10,0.3251
SUG,4,8,1,2,0
SUG,5,9,2,7,0.4101
SUG,5,10,1,18,0
SUG,6,11,2,49,0.2303
SUG,6,12,2,124,4.69E-02
SUG,7,13,2,215,0.3688
SUG,7,14,2,205,0.2974
